372,459,432,376,342,찌
379,459,435,382,345,찌
383,459,437,385,351,찌
391,455,439,399,362,찌
389,446,426,395,356,찌
396,449,425,397,360,찌
394,406,357,383,355,찌
400,466,427,393,357,찌
400,466,429,394,364,찌
403,464,430,392,365,찌
405,464,423,394,365,찌
406,461,423,395,366,찌
405,460,424,395,366,찌
413,461,421,397,366,찌
390,473,431,401,379,찌
335,473,427,400,380,찌
382,473,427,402,382,찌
390,473,432,403,384,찌
389,471,433,403,384,찌
390,471,433,404,384,찌
391,469,442,403,385,찌
393,468,436,388,371,찌
392,468,436,391,374,찌
395,466,437,391,375,찌
394,466,436,393,376,찌
395,467,437,393,376,찌
394,466,436,394,376,찌
396,465,435,394,379,찌
395,466,435,395,379,찌
396,466,435,396,380,찌
396,466,436,396,380,찌
394,467,435,397,381,찌
396,467,436,396,382,찌
386,467,432,399,382,찌
390,467,436,400,384,찌
390,467,436,401,383,찌
392,469,437,401,384,찌
392,467,437,401,384,찌
391,467,437,401,384,찌
392,468,436,400,384,찌
391,467,436,401,385,찌
392,466,436,401,385,찌
392,465,435,401,385,찌
389,454,392,358,345,찌
390,471,416,368,354,찌
392,470,417,370,357,찌
392,471,417,372,358,찌
380,469,423,384,366,찌
377,467,419,386,369,찌
362,468,402,360,351,찌
365,467,413,370,360,찌
369,468,419,376,363,찌
369,461,427,379,369,찌
372,446,435,384,371,찌
372,452,436,384,374,찌
373,454,441,387,376,찌
372,452,446,388,377,찌
371,456,439,388,374,찌
372,453,437,390,375,찌
372,454,448,390,375,찌
372,453,440,390,376,찌
372,454,442,391,377,찌
372,455,437,390,375,찌
371,455,441,391,376,찌
372,454,441,391,377,찌
372,456,438,392,377,찌
370,455,440,392,378,찌
371,456,436,393,377,찌
372,455,439,391,377,찌
371,456,439,390,377,찌
372,457,436,392,378,찌
373,457,440,392,378,찌
372,457,438,393,378,찌
379,462,434,392,382,찌
377,461,428,395,386,찌
378,461,432,396,384,찌
378,461,429,395,384,찌
379,461,427,397,385,찌
382,462,433,397,385,찌
380,462,433,395,385,찌
381,462,426,396,384,찌
380,463,423,396,383,찌
381,462,430,397,384,찌
381,463,430,397,383,찌
381,463,428,396,383,찌
381,463,419,397,384,찌
381,462,430,396,382,찌
382,462,424,397,382,찌
381,464,422,399,384,찌
382,462,429,397,384,찌
382,462,431,394,384,찌
381,463,429,398,385,찌
383,462,428,397,385,찌
382,331,279,365,324,묵
358,315,261,356,316,묵
433,329,271,352,313,묵
403,382,323,399,346,묵
387,354,300,383,341,묵
383,350,295,371,339,묵
389,350,297,381,346,묵
395,352,301,386,352,묵
397,352,302,386,352,묵
398,353,303,387,353,묵
398,353,303,388,354,묵
399,354,304,388,355,묵
400,355,305,388,354,묵
400,354,305,388,356,묵
400,355,306,388,356,묵
392,363,310,393,359,묵
392,362,309,392,358,묵
386,358,304,388,354,묵
387,356,303,386,356,묵
388,357,305,388,358,묵
389,356,304,386,356,묵
392,357,305,387,357,묵
391,357,305,389,358,묵
392,357,306,388,359,묵
394,357,307,389,359,묵
394,357,307,388,359,묵
394,357,306,389,359,묵
397,356,307,389,360,묵
399,356,307,389,359,묵
402,358,308,388,359,묵
406,357,308,388,360,묵
408,358,307,389,359,묵
408,357,307,389,360,묵
408,357,308,388,360,묵
409,361,310,392,362,묵
412,356,305,392,363,묵
378,357,306,392,362,묵
374,359,308,393,365,묵
365,356,308,393,363,묵
369,358,308,391,363,묵
369,357,307,391,362,묵
364,357,308,391,363,묵
359,356,308,391,361,묵
352,352,297,381,355,묵
359,355,304,388,358,묵
386,362,320,408,373,묵
383,357,315,397,364,묵
378,351,306,386,354,묵
365,343,292,375,345,묵
380,350,311,397,365,묵
393,344,321,411,379,묵
384,361,314,403,368,묵
384,357,317,401,369,묵
385,358,327,396,371,묵
383,355,312,396,365,묵
383,351,316,397,373,묵
389,359,296,405,377,묵
376,347,279,383,357,묵
377,348,281,384,356,묵
396,361,303,415,388,묵
379,354,294,398,369,묵
370,364,304,404,376,묵
384,365,311,417,392,묵
370,363,303,399,369,묵
373,362,304,399,370,묵
373,363,304,400,371,묵
375,363,303,399,372,묵
375,362,304,399,371,묵
375,362,303,399,372,묵
376,363,305,400,372,묵
376,362,304,399,373,묵
377,363,304,400,373,묵
378,363,303,399,372,묵
378,363,303,399,373,묵
379,364,304,400,372,묵
379,362,304,400,373,묵
380,364,304,400,373,묵
381,362,305,399,374,묵
379,363,305,400,373,묵
380,363,304,399,373,묵
379,363,304,399,374,묵
380,359,305,400,374,묵
380,363,305,398,375,묵
390,361,306,408,379,묵
404,369,317,421,396,묵
380,354,300,391,363,묵
384,359,299,394,366,묵
390,360,301,400,371,묵
382,357,297,390,361,묵
387,362,302,399,365,묵
400,365,309,410,379,묵
394,359,299,384,350,묵
401,329,291,358,335,묵
381,341,280,369,346,묵
388,355,291,390,366,묵
391,355,293,389,365,묵
392,356,294,389,366,묵
392,355,294,390,366,묵
392,355,295,390,366,묵
393,357,295,390,367,묵
393,357,294,390,364,묵
381,356,296,390,365,묵
381,362,296,390,364,묵
385,360,296,388,365,묵
388,360,298,390,365,묵
391,361,299,392,367,묵
393,363,299,391,365,묵
392,364,287,380,357,묵
392,362,296,389,364,묵
393,363,298,391,366,묵
392,363,296,390,365,묵
373,358,292,383,354,묵
378,359,294,384,357,묵
380,362,293,384,357,묵
384,360,296,387,362,묵
386,360,293,383,356,묵
392,359,299,393,364,묵
412,369,314,418,389,묵
380,363,306,396,367,묵
383,365,308,394,366,묵
383,363,305,394,365,묵
385,364,306,394,366,묵
385,364,305,394,366,묵
386,363,305,394,367,묵
386,362,306,395,367,묵
387,362,306,395,367,묵
388,364,305,394,366,묵
388,363,306,395,368,묵
388,364,306,395,367,묵
388,362,306,395,368,묵
388,363,305,394,367,묵
389,364,306,395,367,묵
390,364,305,394,368,묵
390,363,305,395,368,묵
390,364,305,394,367,묵
390,364,305,395,368,묵
389,365,306,395,369,묵
402,366,310,408,376,묵
385,350,286,381,354,묵
388,349,287,386,363,묵
389,349,286,383,358,묵
392,351,289,383,358,묵
394,352,288,383,358,묵
393,352,289,383,358,묵
394,352,289,384,358,묵
395,353,290,383,359,묵
394,353,289,384,359,묵
503,457,434,501,527,빠
504,457,433,502,527,빠
505,456,435,501,527,빠
505,457,434,502,527,빠
510,419,432,506,519,빠
492,435,430,507,533,빠
498,446,442,512,532,빠
511,457,451,519,537,빠
519,443,448,519,532,빠
519,448,446,518,533,빠
504,447,443,514,530,빠
509,452,449,518,533,빠
509,450,448,519,537,빠
510,442,450,520,536,빠
506,442,449,518,532,빠
504,448,450,520,532,빠
504,447,450,518,532,빠
504,447,451,519,531,빠
504,447,450,521,532,빠
505,447,450,518,532,빠
504,448,449,519,532,빠
508,446,449,519,533,빠
504,446,446,515,534,빠
504,444,445,514,532,빠
502,447,449,517,535,빠
501,443,446,516,534,빠
501,445,446,516,535,빠
502,444,444,516,534,빠
499,444,444,514,535,빠
500,441,444,516,535,빠
499,442,444,516,535,빠
499,443,448,516,535,빠
508,474,464,523,539,빠
509,472,464,523,539,빠
509,468,461,522,539,빠
507,468,460,523,540,빠
505,475,465,524,539,빠
506,473,464,523,539,빠
505,469,463,525,539,빠
505,468,464,540,541,빠
506,468,458,509,538,빠
505,468,458,525,540,빠
504,494,459,526,540,빠
505,481,457,524,540,빠
505,480,456,524,539,빠
503,480,456,520,540,빠
508,478,455,521,541,빠
507,478,455,520,541,빠
506,479,456,522,541,빠
508,480,458,524,541,빠
508,481,461,527,542,빠
509,482,464,530,543,빠
526,485,467,531,545,빠
542,491,469,535,550,빠
542,491,470,535,550,빠
540,491,470,536,550,빠
541,489,470,534,551,빠
540,488,471,534,550,빠
539,487,471,534,550,빠
538,484,470,534,550,빠
538,485,470,533,549,빠
537,484,470,531,549,빠
537,484,471,535,549,빠
537,483,471,533,549,빠
536,483,470,534,549,빠
536,482,470,531,548,빠
535,483,470,532,548,빠
536,482,471,534,549,빠
518,470,466,527,548,빠
518,471,473,529,548,빠
514,452,470,527,546,빠
513,454,470,529,548,빠
512,475,470,529,547,빠
516,474,470,529,547,빠
516,473,469,528,548,빠
516,471,470,530,547,빠
516,471,470,529,548,빠
515,471,470,529,548,빠
517,471,470,529,547,빠
516,470,470,529,547,빠
516,470,469,529,547,빠
516,471,468,530,547,빠
516,470,469,530,547,빠
516,466,465,528,547,빠
516,467,465,528,547,빠
517,467,465,528,546,빠
516,468,465,527,547,빠
515,467,464,527,546,빠
515,467,464,527,547,빠
515,466,463,526,547,빠
515,469,464,528,547,빠
516,467,466,528,546,빠
515,467,464,527,547,빠
516,467,464,528,546,빠
514,467,464,528,547,빠
515,466,463,527,547,빠
515,463,461,525,545,빠
516,462,461,523,546,빠
515,462,461,523,546,빠
515,461,460,523,545,빠
516,462,461,524,545,빠
515,460,461,523,545,빠
514,462,460,522,546,빠
516,462,461,523,546,빠
515,462,459,524,545,빠
514,464,460,524,545,빠
514,463,460,524,546,빠
515,462,460,523,546,빠
515,462,459,523,545,빠
479,381,375,485,523,빠
503,404,395,487,531,빠
505,435,428,500,537,빠
514,435,427,500,538,빠
507,437,425,499,538,빠
515,436,425,500,538,빠
500,436,425,500,536,빠
494,425,417,496,535,빠
507,427,415,497,534,빠
495,430,416,497,534,빠
510,432,416,497,533,빠
506,430,414,498,533,빠
504,429,408,498,530,빠
372,368,355,348,314,중지
380,373,368,353,320,중지
383,375,367,354,319,중지
341,367,351,357,321,중지
352,373,352,359,320,중지
363,380,366,360,326,중지
368,383,368,365,327,중지
368,384,368,362,327,중지
370,381,365,365,329,중지
346,382,370,365,329,중지
368,384,437,365,325,중지
385,382,376,370,326,중지
347,385,377,376,331,중지
345,385,379,380,330,중지
349,385,380,386,336,중지
350,385,379,384,335,중지
350,384,381,383,334,중지
350,384,380,384,335,중지
350,386,381,387,336,중지
350,385,382,387,338,중지
351,385,383,388,338,중지
352,385,382,390,340,중지
353,381,383,387,339,중지
355,384,386,390,343,중지
368,371,362,378,345,중지
369,301,361,377,343,중지
396,288,355,328,343,중지
403,275,364,324,342,중지
396,291,369,333,341,중지
394,294,366,338,342,중지
405,311,384,325,349,중지
410,307,459,321,349,중지
404,306,383,336,350,중지
406,315,387,331,352,중지
407,311,390,333,353,중지
411,316,389,337,352,중지
409,307,389,339,352,중지
412,316,381,340,350,중지
412,314,386,340,350,중지
409,311,384,343,348,중지
404,322,385,337,351,중지
410,326,384,339,351,중지
410,323,386,340,350,중지
410,325,384,346,346,중지
413,329,384,342,348,중지
362,327,368,345,354,중지
356,329,365,340,350,중지
361,334,368,348,350,중지
360,331,372,346,351,중지
359,331,373,345,350,중지
359,336,374,344,349,중지
358,335,374,341,348,중지
358,338,371,341,348,중지
376,339,373,346,350,중지
376,337,377,349,348,중지
372,341,373,351,347,중지
372,337,378,350,345,중지
376,336,379,347,347,중지
373,337,379,348,346,중지
374,337,377,346,346,중지
352,341,352,355,342,중지
356,336,374,350,343,중지
356,341,375,353,345,중지
358,363,372,392,351,중지
358,379,379,390,348,중지
363,391,367,371,350,중지
368,392,382,371,351,중지
372,382,377,373,351,중지
372,380,377,360,348,중지
367,364,377,362,349,중지
349,317,365,365,347,중지
352,310,370,368,349,중지
343,324,363,328,332,중지
344,320,370,324,333,중지
349,321,360,336,337,중지
351,329,366,327,336,중지
362,340,366,324,336,중지
363,343,360,321,338,중지
369,331,359,326,339,중지
366,327,361,331,340,중지
368,329,356,327,341,중지
364,311,351,324,339,중지
349,308,351,325,318,중지
351,304,354,331,332,중지
354,307,354,329,334,중지
359,304,368,340,327,중지
364,305,385,339,343,중지
361,309,385,342,336,중지
362,316,379,341,334,중지
361,304,375,342,337,중지
362,306,380,340,336,중지
356,310,369,341,336,중지
356,313,372,337,336,중지
360,305,372,341,340,중지
360,310,375,337,343,중지
360,311,381,340,340,중지
358,315,380,341,334,중지
359,304,382,338,344,중지
359,306,378,344,344,중지
359,314,381,345,333,중지
363,316,379,341,339,중지
362,311,382,342,338,중지
361,313,381,346,341,중지
360,307,381,348,337,중지
358,309,385,336,341,중지
362,314,383,347,339,중지
362,309,383,342,343,중지
364,311,382,336,339,중지
362,312,381,345,335,중지
360,309,381,345,337,중지
363,309,381,344,348,중지
362,309,380,344,344,중지
362,312,381,341,339,중지
362,311,381,346,338,중지
362,312,381,346,343,중지
361,315,380,341,342,중지
357,315,378,349,337,중지
358,307,383,345,338,중지
361,314,380,344,341,중지
361,313,381,348,338,중지
363,317,382,348,340,중지
362,311,380,351,336,중지
362,316,380,346,344,중지
363,313,382,349,341,중지
365,317,381,348,340,중지
364,313,378,349,344,중지
363,316,382,351,339,중지
366,320,384,347,337,중지
362,311,379,345,338,중지
361,318,387,349,336,중지
359,312,395,351,344,중지
357,309,384,346,333,중지
360,308,384,349,335,중지
356,315,384,348,334,중지
359,310,386,353,342,중지
358,315,383,346,346,중지
361,309,381,354,341,중지
359,314,381,351,337,중지
355,313,380,353,334,중지
366,314,388,351,339,중지
362,315,387,352,342,중지
364,314,385,355,338,중지
364,316,385,357,344,중지
365,316,384,353,341,중지
354,312,385,351,343,중지
358,318,386,350,338,중지
359,319,385,353,342,중지
358,314,383,353,344,중지
360,310,386,356,340,중지
360,314,385,345,342,중지
361,321,384,353,342,중지
362,324,385,350,343,중지
361,322,384,356,344,중지
360,319,384,351,340,중지
359,313,384,355,342,중지
361,319,384,353,338,중지
360,317,378,356,341,중지
361,321,380,355,338,중지
363,323,381,352,337,중지
366,325,380,355,335,중지
359,319,379,352,339,중지
361,323,379,359,338,중지
361,315,377,352,338,중지
364,320,380,358,341,중지
364,316,384,355,341,중지
363,321,381,356,341,중지
360,319,382,357,338,중지
361,320,382,353,339,중지
365,320,383,357,341,중지
360,317,382,358,343,중지
367,321,382,356,342,중지
361,322,383,358,338,중지
361,326,384,354,345,중지
363,326,381,355,340,중지
362,319,385,358,341,중지
364,325,384,359,341,중지
359,319,384,358,341,중지
366,322,383,355,344,중지
365,320,382,356,342,중지
365,315,382,359,342,중지
366,322,382,357,344,중지
360,319,387,357,341,중지
364,320,385,357,339,중지
364,321,385,357,338,중지
363,323,385,357,338,중지
362,323,385,358,341,중지
521,429,276,344,332,가위
520,411,273,362,325,가위
519,417,247,333,317,가위
526,442,271,340,329,가위
524,434,270,342,328,가위
524,436,274,346,331,가위
524,426,273,346,333,가위
523,415,260,332,330,가위
526,410,260,334,333,가위
527,402,265,335,336,가위
526,399,264,339,336,가위
526,403,266,338,339,가위
526,399,266,340,339,가위
526,404,264,340,339,가위
525,404,263,340,340,가위
526,403,262,340,340,가위
526,403,264,346,340,가위
520,454,262,341,338,가위
526,403,264,342,342,가위
429,431,276,346,339,가위
429,430,272,345,337,가위
428,424,272,345,334,가위
523,429,272,345,336,가위
524,429,272,344,339,가위
524,429,273,345,339,가위
525,426,272,345,337,가위
523,417,273,345,340,가위
522,413,272,344,338,가위
522,410,273,345,339,가위
522,415,271,344,338,가위
523,414,273,346,340,가위
523,410,272,346,338,가위
525,408,273,344,339,가위
523,408,273,346,338,가위
520,406,272,346,340,가위
523,407,274,345,339,가위
519,424,273,344,338,가위
521,419,273,345,341,가위
523,416,273,345,340,가위
523,417,272,344,339,가위
522,415,274,345,340,가위
522,418,275,347,339,가위
524,418,274,347,340,가위
521,413,274,347,341,가위
519,411,274,347,342,가위
521,409,274,347,343,가위
521,412,274,348,343,가위
521,410,272,347,340,가위
520,406,274,345,341,가위
520,406,273,346,341,가위
521,407,273,347,342,가위
519,406,274,347,341,가위
521,406,275,346,341,가위
521,407,274,348,342,가위
521,406,273,348,342,가위
520,407,275,346,343,가위
521,407,276,349,340,가위
521,406,273,347,342,가위
520,405,275,347,344,가위
519,420,273,347,345,가위
522,416,275,348,343,가위
521,410,272,347,345,가위
520,409,272,348,346,가위
519,411,275,349,344,가위
521,412,274,348,345,가위
520,411,274,349,345,가위
518,411,273,349,347,가위
521,409,274,348,344,가위
521,410,274,349,345,가위
519,410,273,348,345,가위
519,410,273,350,345,가위
518,409,275,349,343,가위
518,407,273,347,346,가위
520,404,270,348,345,가위
519,407,272,350,346,가위
518,407,273,348,345,가위
519,405,273,349,345,가위
518,407,273,349,345,가위
517,407,272,348,345,가위
518,407,273,348,345,가위
520,409,274,350,345,가위
519,409,273,349,345,가위
517,409,273,350,344,가위
519,409,271,349,344,가위
518,410,274,349,345,가위
519,408,274,349,343,가위
519,408,275,349,346,가위
519,405,275,350,343,가위
520,409,273,348,345,가위
519,404,274,352,344,가위
518,404,275,349,342,가위
518,403,275,349,343,가위
520,407,272,350,343,가위
520,408,274,350,345,가위
520,407,274,349,345,가위
519,406,275,351,343,가위
520,407,275,350,345,가위
518,407,275,350,344,가위
519,407,274,351,344,가위
520,408,273,350,345,가위
518,407,273,352,344,가위
518,407,274,352,345,가위
518,408,275,350,345,가위
517,406,273,351,345,가위
518,407,274,351,344,가위
517,406,274,351,344,가위
518,405,274,350,344,가위
518,405,275,351,346,가위
517,405,275,352,344,가위
518,404,273,350,344,가위
519,400,270,349,346,가위
517,400,272,350,346,가위
517,400,271,349,345,가위
517,400,272,349,345,가위
519,400,270,352,345,가위
520,402,271,350,346,가위
520,401,273,350,347,가위
520,400,271,349,346,가위
521,400,272,346,345,가위
520,400,272,349,344,가위
519,399,273,350,346,가위
520,399,271,349,345,가위
522,398,271,349,345,가위
521,396,271,350,345,가위
521,397,272,348,345,가위
522,396,272,351,345,가위
520,394,270,350,347,가위
522,399,270,349,345,가위
523,399,271,350,346,가위
522,396,271,350,346,가위
523,397,271,349,348,가위
521,398,272,352,347,가위
523,397,273,350,346,가위
520,398,272,351,346,가위
521,398,271,351,346,가위
521,402,271,351,345,가위
521,405,274,352,345,가위
521,404,274,352,346,가위
522,404,274,352,345,가위
521,404,274,351,347,가위
522,400,273,352,346,가위
523,399,271,350,345,가위
522,399,273,350,346,가위
522,398,272,350,344,가위
523,398,273,352,346,가위
522,400,272,352,346,가위
521,401,272,351,345,가위
522,400,273,351,345,가위
522,400,273,351,346,가위
522,400,272,351,346,가위
521,400,274,352,347,가위
522,400,273,350,346,가위
352,435,301,378,329,검지
364,423,305,387,335,검지
371,487,313,395,343,검지
377,470,306,389,341,검지
370,462,298,383,327,검지
378,453,307,387,333,검지
385,463,310,392,338,검지
398,442,324,411,358,검지
395,446,319,402,350,검지
398,444,323,410,358,검지
398,443,329,413,367,검지
404,441,347,427,385,검지
376,439,309,394,342,검지
378,451,317,401,347,검지
378,453,319,401,349,검지
364,444,302,380,330,검지
360,457,308,369,338,검지
385,444,301,389,336,검지
378,457,302,387,332,검지
381,457,304,386,333,검지
382,459,306,389,335,검지
384,462,307,391,335,검지
381,459,307,391,334,검지
384,460,308,391,337,검지
376,437,302,393,340,검지
381,451,309,400,342,검지
378,437,315,407,345,검지
372,411,309,403,346,검지
397,450,341,433,370,검지
388,457,320,413,355,검지
394,454,319,410,354,검지
394,453,321,411,353,검지
402,455,319,410,355,검지
396,452,319,412,355,검지
407,452,319,410,356,검지
389,452,320,411,354,검지
402,457,326,411,352,검지
370,450,299,383,332,검지
384,457,300,383,328,검지
371,456,299,384,329,검지
379,454,303,386,329,검지
391,433,326,415,354,검지
390,443,319,407,353,검지
390,447,322,408,351,검지
393,451,321,407,349,검지
397,456,320,407,349,검지
401,453,321,407,349,검지
407,454,320,408,350,검지
410,454,320,407,351,검지
410,452,320,407,350,검지
406,455,317,402,348,검지
404,456,319,402,347,검지
402,454,318,402,349,검지
398,455,320,401,348,검지
396,454,320,404,348,검지
395,455,317,405,348,검지
392,452,318,404,349,검지
394,452,319,404,349,검지
408,455,320,406,349,검지
432,456,322,407,352,검지
427,455,322,407,352,검지
387,448,321,405,350,검지
384,449,319,403,350,검지
384,448,314,400,348,검지
397,454,322,409,383,검지
389,438,314,412,371,검지
351,437,312,409,365,검지
353,438,316,410,369,검지
352,441,316,411,366,검지
352,441,317,409,365,검지
339,436,296,387,341,검지
342,437,298,390,344,검지
343,438,300,391,344,검지
340,441,298,382,339,검지
344,439,300,386,341,검지
349,451,305,383,348,검지
360,476,310,383,349,검지
391,481,309,384,348,검지
384,493,319,398,351,검지
354,475,313,393,350,검지
354,475,312,385,354,검지
353,472,314,386,354,검지
366,459,317,404,364,검지
364,459,319,404,364,검지
361,454,314,399,359,검지
363,454,319,403,362,검지
362,456,317,402,363,검지
355,453,312,391,346,검지
364,447,320,407,357,검지
352,448,320,409,359,검지
356,448,315,402,360,검지
358,448,317,402,360,검지
357,441,311,398,354,검지
361,444,319,406,358,검지
353,441,308,396,351,검지
356,444,315,402,356,검지
353,439,315,402,357,검지
353,445,317,402,357,검지
353,451,319,402,360,검지
354,445,319,403,360,검지
352,449,317,404,361,검지
350,442,313,401,359,검지
353,436,312,401,354,검지
353,434,311,399,356,검지
356,436,313,402,357,검지
351,456,312,399,357,검지
359,444,316,402,362,검지
367,436,321,407,366,검지
362,431,321,409,366,검지
362,446,321,409,368,검지
364,447,322,406,367,검지
363,443,321,410,369,검지
365,443,322,410,369,검지
363,445,323,410,369,검지
356,446,321,411,368,검지
372,446,323,408,368,검지
358,443,319,406,365,검지
359,443,319,406,366,검지
358,444,318,406,365,검지
360,444,318,406,366,검지
359,444,319,406,367,검지
361,450,320,404,368,검지
359,453,319,406,368,검지
356,451,319,407,368,검지
393,438,321,410,364,검지
398,415,330,418,380,검지
398,444,326,416,376,검지
400,443,325,415,375,검지
398,441,325,415,374,검지
399,439,325,414,374,검지
398,440,326,412,372,검지
399,438,325,414,373,검지
382,429,324,412,369,검지
383,429,324,411,368,검지
387,427,321,410,367,검지
388,427,322,410,367,검지
393,426,322,408,365,검지
396,443,319,405,362,검지
400,441,319,405,363,검지
397,442,320,405,363,검지
393,448,318,405,360,검지
388,440,316,402,355,검지
382,435,314,400,351,검지
372,443,319,406,361,검지
377,435,319,405,363,검지
380,425,315,404,359,검지
386,432,317,406,356,검지
381,438,320,404,357,검지
385,430,316,406,357,검지
389,441,322,410,360,검지
374,431,317,408,357,검지
372,424,317,407,358,검지
376,425,318,408,358,검지
375,426,317,407,358,검지
373,431,318,406,358,검지
381,435,318,406,359,검지
392,442,322,414,368,검지
393,470,321,383,355,검지
384,451,317,386,352,검지
376,438,316,393,350,검지
367,423,314,394,350,검지
366,420,311,392,350,검지
375,458,309,397,358,검지
384,471,322,392,362,검지
384,460,322,394,356,검지
379,437,313,394,349,검지
384,421,314,394,350,검지
380,423,316,395,352,검지
376,420,316,397,353,검지
388,420,315,396,356,검지
372,428,309,393,354,검지
375,453,318,395,358,검지
378,450,319,395,359,검지
378,451,318,396,360,검지
375,449,319,396,357,검지
381,447,319,398,359,검지
382,447,320,398,359,검지
382,446,319,398,359,검지
381,445,320,398,358,검지
380,445,316,398,359,검지
379,446,318,397,356,검지
379,450,321,399,361,검지
378,446,320,397,360,검지
376,446,320,398,360,검지
376,447,318,391,360,검지
377,455,321,395,362,검지
378,451,321,397,362,검지
379,449,321,396,364,검지
382,449,321,396,362,검지
381,447,320,397,362,검지
382,446,321,396,362,검지
381,447,319,396,362,검지
381,447,320,396,362,검지
381,447,319,397,363,검지
382,448,319,397,362,검지
380,446,318,396,362,검지
378,445,317,396,362,검지
378,446,318,397,362,검지
378,448,318,398,360,검지
378,447,318,397,361,검지
379,450,320,398,362,검지
379,448,319,397,362,검지
378,450,317,398,362,검지
380,447,320,397,362,검지
381,449,319,397,364,검지
381,447,319,396,363,검지
381,447,319,398,363,검지
380,447,320,399,361,검지
379,447,318,398,361,검지
378,446,318,398,363,검지
362,443,318,399,359,검지
371,439,319,399,360,검지
378,436,319,398,361,검지
369,438,318,399,360,검지
373,436,319,398,360,검지
389,437,318,398,360,검지
391,435,317,399,361,검지
387,435,315,398,361,검지
390,436,313,397,361,검지
372,419,293,373,337,검지
395,404,290,377,342,검지
389,407,294,379,339,검지
390,409,297,386,339,검지
387,396,282,380,338,검지
390,405,291,377,341,검지
394,407,292,378,342,검지
398,408,292,380,343,검지
375,438,301,385,340,검지
374,427,301,380,344,검지
377,418,299,382,342,검지
379,414,300,384,343,검지
374,418,301,385,342,검지
371,422,302,385,342,검지
368,418,302,387,345,검지
368,421,303,387,344,검지
367,421,303,386,345,검지
370,421,302,386,345,검지
374,422,302,387,343,검지
380,413,301,389,345,검지
383,415,303,388,344,검지
382,426,304,388,346,검지
379,424,305,390,346,검지
373,424,305,389,347,검지
369,420,304,389,347,검지
368,424,305,390,346,검지
368,421,305,391,347,검지
375,422,306,391,348,검지
383,423,305,390,348,검지
383,424,307,390,347,검지
381,425,305,391,349,검지
379,426,306,390,349,검지
377,426,306,390,351,검지
376,426,307,391,350,검지
374,426,307,391,351,검지
374,430,307,390,348,검지
377,437,310,394,354,검지
380,439,314,395,355,검지
380,438,313,394,354,검지
382,437,312,394,353,검지
382,436,312,393,355,검지
382,433,313,394,354,검지
381,434,313,393,353,검지
381,432,313,394,354,검지
378,431,312,394,355,검지
379,430,312,394,354,검지
379,436,314,394,355,검지
380,438,313,394,355,검지
381,436,314,395,355,검지
381,439,312,393,354,검지
381,438,313,394,353,검지
381,438,313,393,354,검지
379,437,312,396,354,검지
378,434,313,394,355,검지
375,443,311,393,350,검지
374,440,311,395,351,검지
472,376,400,477,483,따봉
404,314,265,370,306,따봉
415,310,266,371,304,따봉
415,312,266,373,306,따봉
411,312,267,372,310,따봉
405,313,267,373,312,따봉
408,316,271,374,314,따봉
403,320,275,375,318,따봉
406,320,276,376,319,따봉
412,318,277,376,319,따봉
411,318,276,377,320,따봉
409,318,275,375,318,따봉
408,319,273,375,316,따봉
407,320,275,376,318,따봉
403,322,276,376,320,따봉
402,322,277,377,320,따봉
405,324,277,375,321,따봉
409,323,276,377,321,따봉
413,324,277,377,321,따봉
417,326,278,377,322,따봉
419,324,277,377,323,따봉
419,326,277,378,322,따봉
415,325,279,379,322,따봉
411,325,278,379,323,따봉
408,327,278,378,323,따봉
407,324,277,377,322,따봉
407,326,279,379,322,따봉
413,327,279,378,323,따봉
418,328,278,378,325,따봉
421,328,280,380,324,따봉
421,328,279,380,325,따봉
420,328,281,380,327,따봉
416,329,282,382,327,따봉
410,328,281,382,327,따봉 
407,326,282,381,328,따봉
404,330,281,383,327,따봉
408,330,281,381,327,따봉
415,329,281,380,326,따봉
419,329,280,380,327,따봉
422,329,280,380,326,따봉
424,328,280,379,325,따봉
431,331,284,384,329,따봉
425,333,283,384,327,따봉
419,331,283,381,328,따봉
414,332,282,382,327,따봉
410,331,281,382,329,따봉
414,333,281,381,329,따봉
417,333,283,382,329,따봉
418,333,283,385,329,따봉
423,335,282,384,330,따봉
424,333,282,385,331,따봉
425,333,283,384,331,따봉
425,332,281,382,330,따봉
424,333,283,384,330,따봉
425,333,283,381,330,따봉
421,333,281,383,333,따봉
417,333,282,383,331,따봉
415,334,283,383,331,따봉
417,334,282,387,333,따봉
412,335,283,384,333,따봉
415,336,287,386,336,따봉
416,337,287,386,336,따봉
423,338,287,389,339,따봉
427,340,289,390,339,따봉
431,338,288,390,339,따봉
432,340,288,389,338,따봉
431,340,289,389,339,따봉
426,338,288,390,338,따봉
423,339,288,390,339,따봉
419,339,290,390,340,따봉
415,339,288,390,339,따봉
415,339,289,389,338,따봉
419,338,287,390,338,따봉
413,340,289,389,339,따봉
427,341,289,391,341,따봉
431,339,289,390,340,따봉
433,339,288,390,340,따봉
432,340,288,391,340,따봉
426,340,289,391,339,따봉
422,341,288,390,340,따봉
416,340,288,391,341,따봉
416,340,289,391,341,따봉
416,341,289,392,342,따봉
422,342,290,390,340,따봉
428,340,290,392,342,따봉
432,340,289,391,342,따봉
431,342,290,391,341,따봉
428,339,288,391,342,따봉
423,341,289,391,342,따봉
418,340,290,390,342,따봉
416,341,290,388,341,따봉
416,340,289,393,342,따봉
419,341,290,391,342,따봉
424,342,290,391,342,따봉
431,342,288,391,341,따봉
435,339,291,391,341,따봉
435,342,290,392,342,따봉
434,343,289,392,343,따봉
429,341,289,393,343,따봉
425,341,290,393,343,따봉
421,342,291,392,342,따봉
418,343,289,392,344,따봉
420,342,291,392,343,따봉
422,344,291,392,343,따봉
428,342,291,392,344,따봉
429,343,291,392,343,따봉
428,340,291,392,343,따봉
442,343,291,393,344,따봉
430,343,290,393,342,따봉
433,343,291,393,344,따봉
431,344,291,395,343,따봉
427,346,292,393,345,따봉
423,344,291,392,344,따봉
422,345,292,392,345,따봉
420,346,291,394,345,따봉
421,344,292,393,343,따봉
419,343,290,393,344,따봉
429,342,289,391,342,따봉
432,343,290,390,342,따봉
434,343,288,390,343,따봉
434,342,289,391,343,따봉
400,343,290,391,343,따봉
425,342,290,391,343,따봉
421,342,289,392,346,따봉
418,343,291,392,343,따봉
417,343,292,393,344,따봉
420,343,292,393,345,따봉
426,344,291,392,345,따봉
430,344,292,392,345,따봉
435,344,292,394,344,따봉
435,345,293,393,346,따봉
434,345,292,393,344,따봉
428,345,292,394,345,따봉
423,345,292,394,345,따봉
420,343,293,395,345,따봉
418,343,293,394,345,따봉
419,344,293,394,343,따봉
424,343,293,395,346,따봉
430,346,292,394,347,따봉
433,344,292,393,347,따봉
436,345,293,395,347,따봉
434,346,292,395,347,따봉
433,345,295,395,348,따봉
428,345,292,394,345,따봉
419,346,291,393,347,따봉
416,346,293,392,346,따봉
421,346,292,393,345,따봉
425,346,294,392,343,따봉
427,343,290,389,338,따봉
432,344,290,388,339,따봉
434,345,290,388,340,따봉
433,344,291,387,340,따봉
427,344,291,388,341,따봉
423,345,293,390,343,따봉
420,345,293,392,343,따봉
417,347,293,393,345,따봉
414,345,293,393,345,따봉
415,347,294,394,345,따봉
427,347,294,393,346,따봉
430,345,293,393,346,따봉
426,347,294,394,346,따봉
434,347,294,393,347,따봉
432,346,295,393,346,따봉
432,348,295,393,346,따봉
428,346,294,393,347,따봉
424,347,295,393,345,따봉
421,347,294,393,346,따봉
418,345,294,393,346,따봉
416,346,293,393,343,따봉
417,346,294,392,345,따봉
417,347,293,395,345,따봉
420,348,294,393,346,따봉
423,346,294,394,346,따봉
428,347,294,393,344,따봉
431,347,294,393,348,따봉
432,347,294,393,346,따봉
432,347,294,393,346,따봉
429,349,294,393,347,따봉
426,348,292,396,348,따봉
423,347,294,395,347,따봉
419,347,294,394,346,따봉
417,348,293,396,346,따봉
417,347,294,393,347,따봉
419,347,293,393,348,따봉
424,348,293,392,348,따봉
429,348,294,393,347,따봉
434,347,293,393,348,따봉
433,348,293,394,347,따봉
432,348,294,393,347,따봉
428,348,293,393,347,따봉
422,348,293,394,348,따봉
422,348,293,393,348,따봉
417,348,292,394,348,따봉
419,346,294,392,347,따봉
424,349,294,392,346,따봉
429,348,293,394,348,따봉
428,348,293,394,347,따봉
428,349,293,392,347,따봉
426,348,293,393,348,따봉
426,349,292,394,349,따봉
424,348,294,394,348,따봉
423,347,294,394,348,따봉
424,348,294,394,350,따봉
424,349,293,395,348,따봉
427,348,292,394,349,따봉
428,348,294,394,351,따봉
428,349,292,394,349,따봉
429,349,292,395,349,따봉
427,348,289,394,349,따봉
426,349,291,392,347,따봉
426,349,292,394,349,따봉
425,349,293,394,349,따봉
426,350,293,394,350,따봉
427,350,291,395,349,따봉
427,349,294,395,349,따봉
427,350,293,394,350,따봉
428,349,293,394,348,따봉
428,350,293,395,350,따봉
427,349,293,394,349,따봉
426,349,293,395,350,따봉
424,350,292,395,349,따봉
424,350,294,396,350,따봉
424,349,292,395,349,따봉
425,348,293,394,347,따봉
425,349,293,395,348,따봉
427,350,294,396,348,따봉
427,350,294,396,348,따봉
427,350,293,395,349,따봉
426,347,293,397,351,따봉
427,350,295,396,350,따봉
427,349,294,397,350,따봉
494,415,390,484,494,따봉
458,407,393,477,490,따봉
468,413,395,478,502,따봉
468,406,397,480,497,따봉
401,400,260,364,307,따봉
399,399,274,375,326,따봉
475,443,391,479,504,따봉
465,448,393,477,504,따봉
369,336,269,378,319,따봉
374,336,267,371,320,따봉
385,342,276,385,336,따봉
455,404,361,444,458,따봉
393,305,256,356,340,따봉
393,314,262,366,338,따봉
404,319,263,367,334,따봉
402,326,269,373,341,따봉
403,331,273,375,342,따봉
397,331,271,376,343,따봉
398,332,272,378,344,따봉
394,335,275,378,344,따봉
400,333,278,378,344,따봉
408,334,280,381,346,따봉
412,336,281,381,347,따봉
414,334,280,380,346,따봉
414,332,278,381,346,따봉
512,447,393,489,510,따봉
473,437,398,480,497,따봉
422,315,271,376,345,따봉
422,321,279,384,353,따봉
418,322,282,385,357,따봉
419,324,283,388,359,따봉
421,325,285,390,362,따봉
424,328,288,391,364,따봉
428,329,288,392,365,따봉
431,329,289,392,365,따봉
434,329,289,393,366,따봉
480,420,394,482,494,따봉
476,432,399,485,506,따봉
477,418,399,484,512,따봉
473,395,401,482,508,따봉
476,395,402,482,508,따봉
480,397,400,483,509,따봉
491,414,398,484,507,따봉
481,391,403,475,495,따봉
482,394,402,476,495,따봉
467,398,402,480,498,따봉
517,498,408,367,314,삼
523,505,406,384,324,삼
523,506,445,402,336,삼
523,507,448,404,340,삼
522,505,453,407,344,삼
522,507,449,406,345,삼
522,510,446,406,346,삼
522,508,443,406,347,삼
522,506,437,406,346,삼
516,504,419,388,332,삼
517,504,420,393,336,삼
517,505,420,395,339,삼
518,505,419,396,340,삼
517,504,418,398,341,삼
517,504,416,399,341,삼
516,503,412,399,343,삼
516,501,399,399,342,삼
516,501,398,400,343,삼
517,499,394,400,342,삼
517,497,390,400,343,삼
516,497,388,401,344,삼
515,497,389,399,344,삼
517,492,385,399,344,삼
516,493,394,401,344,삼
517,494,393,399,345,삼
517,497,409,402,348,삼
522,503,420,403,352,삼
522,500,418,404,351,삼
522,502,421,403,351,삼
521,497,413,400,343,삼
521,498,413,401,346,삼
522,498,412,402,347,삼
522,497,404,397,346,삼
522,496,400,412,352,삼
522,487,395,398,344,삼
521,488,395,401,345,삼
521,489,397,401,347,삼
521,489,396,402,347,삼
519,490,396,404,348,삼
520,489,396,402,349,삼
520,489,395,402,349,삼
521,490,395,402,349,삼
521,489,394,403,349,삼
521,490,396,403,349,삼
519,492,408,405,351,삼
519,488,411,405,351,삼
519,488,409,407,351,삼
520,487,402,406,351,삼
520,487,403,405,351,삼
520,488,402,406,350,삼
519,486,398,405,351,삼
520,486,400,406,351,삼
520,487,398,406,351,삼
519,486,399,405,352,삼
519,487,399,407,352,삼
518,488,398,406,352,삼
519,486,398,406,353,삼
520,486,396,407,352,삼
517,486,394,407,352,삼
519,485,396,407,354,삼
519,485,397,406,353,삼
519,486,395,408,353,삼
519,485,395,407,353,삼
519,486,394,407,353,삼
519,486,392,406,353,삼
518,486,393,407,355,삼
519,486,392,407,354,삼
518,486,392,407,354,삼
519,487,392,407,354,삼
517,486,393,408,354,삼
519,485,392,408,354,삼
518,485,392,408,354,삼
518,485,393,408,356,삼
518,484,392,409,354,삼
517,485,392,408,354,삼
518,485,394,410,356,삼
519,479,410,409,356,삼
517,480,409,410,356,삼
517,481,410,411,355,삼
517,480,411,412,358,삼
517,480,412,413,357,삼
517,481,410,413,358,삼
518,481,411,413,356,삼
516,481,410,413,357,삼
517,481,409,412,357,삼
517,483,410,412,357,삼
515,482,410,412,357,삼
516,478,395,385,340,삼
515,483,380,375,333,삼
515,484,385,379,336,삼
515,485,390,383,343,삼
514,481,390,382,344,삼
515,485,392,384,347,삼
515,483,392,386,349,삼
515,485,392,387,350,삼
515,484,393,388,351,삼
514,483,394,389,351,삼
514,481,409,394,352,삼
514,481,416,395,355,삼
514,480,416,398,356,삼
514,480,415,399,356,삼
514,479,413,397,355,삼
514,480,410,401,356,삼
513,466,427,410,365,삼
512,472,423,409,364,삼
513,471,421,409,363,삼
513,472,416,407,362,삼
513,473,416,406,363,삼
512,473,414,409,362,삼
513,473,413,409,363,삼
513,473,410,408,363,삼
513,471,407,409,365,삼
513,471,409,409,364,삼
512,471,408,410,365,삼
514,471,406,411,366,삼
512,466,399,410,367,삼
513,468,400,411,367,삼
513,473,417,408,365,삼
515,497,438,444,359,삼
516,504,429,442,352,삼
423,505,430,409,359,삼
422,495,396,398,347,삼
427,496,399,315,352,삼
431,497,402,311,361,삼
426,495,402,403,363,삼
426,498,400,397,361,삼
451,499,402,404,398,삼
488,499,399,373,470,삼
504,499,390,411,505,삼
475,503,431,372,437,삼
421,498,399,364,328,삼
423,500,408,365,334,삼
428,496,422,373,347,삼
426,498,426,377,351,삼
424,498,427,378,353,삼
423,498,427,379,354,삼
419,497,423,382,359,삼
424,495,412,384,364,삼
426,492,417,386,366,삼
430,492,425,386,362,삼
434,493,425,386,364,삼
436,494,424,388,363,삼
439,495,431,389,366,삼
437,495,427,389,363,삼
435,495,426,390,364,삼
434,494,421,389,365,삼
429,489,413,387,361,삼
427,486,416,388,362,삼
426,486,415,388,364,삼
425,486,416,388,364,삼
425,487,413,388,364,삼
426,486,414,387,362,삼
428,485,414,388,362,삼
432,486,416,388,362,삼
432,484,416,389,361,삼
435,484,415,390,364,삼
437,483,413,392,364,삼
440,484,416,393,366,삼
426,490,425,386,363,삼
428,491,424,388,357,삼
426,490,419,364,359,삼
426,488,411,290,360,삼
425,487,409,370,361,삼
423,487,399,369,359,삼
425,487,401,369,361,삼
424,481,411,373,361,삼
423,485,416,369,360,삼
416,481,414,373,347,삼
418,475,413,371,352,삼
420,477,403,375,354,삼
421,477,396,365,355,삼
421,478,396,380,355,삼
422,473,397,379,356,삼
421,472,408,369,353,삼
422,472,405,366,356,삼
423,472,403,361,356,삼
422,473,407,375,358,삼
423,474,412,373,361,삼
422,474,412,369,358,삼
421,474,405,359,358,삼
420,474,406,370,359,삼
420,472,404,371,359,삼
419,478,415,367,359,삼
418,478,411,375,355,삼
419,477,408,374,354,삼
421,478,414,368,357,삼
421,476,412,374,358,삼
422,473,409,372,357,삼
423,474,408,376,359,삼
422,472,406,367,358,삼
422,473,407,376,357,삼
421,471,407,383,357,삼
421,474,409,371,358,삼
420,475,415,376,360,삼
420,475,411,381,359,삼
419,474,409,371,357,삼
419,474,409,368,358,삼
420,473,410,368,359,삼
421,474,407,368,358,삼
391,475,415,510,525,넷
383,476,418,511,524,넷
391,476,418,509,523,넷
374,497,432,514,535,넷
388,494,430,509,530,넷
386,497,432,511,531,넷
375,492,429,512,534,넷
389,494,426,509,534,넷
388,496,427,509,534,넷
384,485,424,511,536,넷
388,497,426,506,534,넷
387,500,435,512,538,넷
388,488,430,508,534,넷
395,474,453,510,536,넷
395,472,452,515,538,넷
366,489,440,527,536,넷
373,488,442,527,536,넷
373,486,440,528,538,넷
376,485,442,526,536,넷
377,481,440,527,539,넷
378,485,443,534,541,넷
384,485,442,533,538,넷
385,485,442,534,538,넷
383,486,441,533,538,넷
393,486,437,532,537,넷
382,493,430,528,536,넷
383,490,432,528,533,넷
391,489,430,528,533,넷
387,489,435,529,535,넷
387,487,426,531,538,넷
390,482,433,531,537,넷
386,484,459,531,536,넷
385,484,447,530,536,넷
386,483,463,531,533,넷
382,493,446,532,537,넷
382,494,443,531,538,넷
383,493,446,532,538,넷
387,494,445,532,537,넷
383,493,445,531,539,넷
385,492,443,531,535,넷
386,493,444,533,537,넷
386,493,442,532,537,넷
384,491,442,531,539,넷
386,490,444,533,537,넷
387,490,440,531,541,넷
386,491,441,531,537,넷
383,492,441,530,536,넷
385,489,441,531,538,넷
386,489,439,532,537,넷
384,489,439,531,538,넷
384,489,439,530,536,넷
384,487,436,530,535,넷
383,488,439,529,538,넷
383,486,435,531,536,넷
385,487,435,530,535,넷
383,484,432,529,537,넷
383,483,431,530,539,넷
382,487,440,531,539,넷
381,486,439,520,535,넷
374,484,436,526,535,넷
377,486,461,526,535,넷
373,486,447,527,534,넷
372,485,443,527,536,넷
377,484,439,525,534,넷
376,483,436,526,536,넷
378,483,435,523,535,넷
377,481,436,525,533,넷
375,483,436,525,534,넷
380,483,435,524,535,넷
379,482,435,525,536,넷
376,480,435,525,534,넷
382,481,433,525,536,넷
379,481,433,523,534,넷
379,480,433,526,533,넷
380,481,433,524,535,넷
377,479,432,524,534,넷
377,481,432,524,537,넷
381,482,432,525,532,넷
379,479,431,523,536,넷
380,479,431,522,534,넷
381,478,433,522,534,넷
380,476,431,523,535,넷
379,476,431,521,533,넷
382,479,429,522,533,넷
381,479,430,523,534,넷
382,477,430,524,532,넷
378,475,429,523,533,넷
382,478,431,523,533,넷
381,478,430,522,536,넷
380,479,431,523,535,넷
381,478,430,522,535,넷
382,476,429,521,533,넷
382,478,430,523,532,넷
379,477,430,522,530,넷
377,481,432,520,533,넷
380,488,441,522,531,넷
380,485,437,522,532,넷
381,485,434,521,531,넷
375,486,435,521,532,넷
373,484,436,526,529,넷
373,484,453,527,532,넷
374,484,442,527,531,넷
373,482,441,525,535,넷
372,476,439,526,534,넷
375,480,447,525,532,넷
374,477,453,525,533,넷
370,475,447,527,533,넷
375,473,446,526,531,넷
375,473,442,525,533,넷
376,471,442,526,534,넷
375,472,441,525,534,넷
374,472,439,525,532,넷
376,470,434,526,532,넷
374,469,426,525,533,넷
379,469,426,526,532,넷
378,469,425,525,531,넷
375,469,423,526,532,넷
375,469,422,526,532,넷
377,468,423,525,532,넷
371,473,417,527,532,넷
384,478,418,525,531,넷
385,475,414,521,530,넷
392,477,430,520,532,넷
394,471,424,511,529,넷
392,472,421,512,528,넷
393,472,420,512,531,넷
393,471,420,509,527,넷
396,469,417,510,528,넷
393,463,417,508,530,넷
397,458,416,511,529,넷
396,458,416,508,529,넷
394,460,414,506,528,넷
396,461,414,507,526,넷
392,464,413,506,528,넷
394,460,413,507,529,넷
397,465,413,506,529,넷
392,459,414,507,528,넷
396,462,414,507,527,넷
394,460,413,504,527,넷
392,462,414,505,529,넷
391,460,411,504,523,넷
393,459,410,507,523,넷
393,462,411,506,529,넷
392,461,410,505,524,넷
394,461,409,505,523,넷
395,459,408,506,527,넷
429,434,399,519,522,넷
392,458,418,518,522,넷
387,452,401,515,527,넷
386,454,400,513,525,넷
387,456,398,514,527,넷
387,453,398,514,526,넷
388,455,398,514,527,넷
389,454,395,513,526,넷
389,454,396,513,525,넷
387,455,396,514,527,넷
386,454,397,515,527,넷
388,454,395,513,525,넷
388,455,395,514,524,넷
388,456,396,512,527,넷
388,456,395,513,526,넷
390,454,395,511,524,넷
388,454,394,512,526,넷
389,454,396,511,526,넷
389,455,396,512,525,넷
389,453,394,512,526,넷
391,455,393,513,527,넷
389,453,394,514,529,넷
389,454,395,513,528,넷
392,455,393,511,526,넷
390,456,394,514,528,넷
390,455,393,514,525,넷
388,457,395,513,526,넷
342,292,376,483,534,오케이
343,312,375,479,535,오케이
377,302,373,481,534,오케이
353,309,374,479,532,오케이
371,329,373,480,532,오케이
382,320,370,479,533,오케이
387,313,370,479,532,오케이
332,313,371,478,532,오케이
365,315,369,477,532,오케이
353,304,369,477,532,오케이
365,318,368,477,531,오케이
375,334,367,478,531,오케이
346,312,366,478,531,오케이
361,315,366,477,530,오케이
347,291,366,476,531,오케이
381,331,365,477,531,오케이
388,317,365,478,531,오케이
387,315,367,476,528,오케이
347,305,372,474,529,오케이
351,269,372,476,529,오케이
349,288,370,475,529,오케이
360,278,402,489,534,오케이
337,262,400,487,532,오케이
356,286,381,480,530,오케이
360,266,381,481,531,오케이
352,325,382,480,530,오케이
355,278,380,480,531,오케이
364,305,382,480,530,오케이
353,249,378,477,530,오케이
351,312,376,478,531,오케이
353,309,377,478,530,오케이
384,323,378,479,529,오케이
387,326,378,479,529,오케이
358,313,379,478,530,오케이
347,305,379,479,529,오케이
373,304,378,479,528,오케이
337,322,376,478,528,오케이
374,293,376,478,529,오케이
383,330,378,478,529,오케이
350,294,377,478,528,오케이
361,329,396,484,529,오케이
363,274,370,478,530,오케이
355,303,395,500,534,오케이
384,288,391,487,533,오케이
373,274,375,473,531,오케이
384,339,394,476,527,오케이
414,330,388,473,523,오케이
395,341,386,472,524,오케이
396,334,384,471,518,오케이
392,328,378,469,517,오케이
371,354,370,468,513,오케이
381,372,370,470,518,오케이
412,366,370,472,520,오케이
397,362,409,479,522,오케이
387,343,381,500,531,오케이
391,343,370,496,532,오케이
401,362,383,474,533,오케이
386,335,387,489,533,오케이
385,364,374,481,529,오케이
358,314,374,481,530,오케이
378,357,375,480,531,오케이
389,363,373,481,531,오케이
374,355,372,480,529,오케이
382,356,368,479,529,오케이
382,377,370,479,530,오케이
371,360,369,479,529,오케이
393,344,370,478,529,오케이
361,364,368,477,529,오케이
394,377,368,476,527,오케이
363,416,405,478,527,오케이
373,367,367,458,533,오케이
383,364,357,450,534,오케이
382,345,411,511,535,오케이
367,376,417,494,536,오케이
380,381,413,492,536,오케이
392,379,407,487,533,오케이
384,374,400,484,533,오케이
397,375,395,482,533,오케이
374,365,392,481,534,오케이
379,366,390,481,533,오케이
395,371,391,480,534,오케이
373,388,390,479,532,오케이
383,359,389,479,531,오케이
364,364,391,478,532,오케이
389,362,389,480,530,오케이
392,379,389,479,531,오케이
408,383,390,477,529,오케이
391,376,388,479,529,오케이
369,363,386,479,528,오케이
387,370,388,479,530,오케이
362,374,386,477,528,오케이
412,347,385,477,527,오케이
376,388,383,475,522,오케이
391,396,380,476,523,오케이
379,341,377,474,520,오케이
391,363,380,474,519,오케이
412,384,378,472,518,오케이
393,403,379,470,518,오케이
386,387,379,470,518,오케이
395,403,377,471,517,오케이
385,371,377,468,517,오케이
398,356,403,471,519,오케이
382,383,398,469,517,오케이
396,333,398,468,516,오케이
387,378,388,469,516,오케이
386,395,384,467,516,오케이
423,377,385,466,516,오케이
376,381,400,473,519,오케이
402,363,399,473,517,오케이
381,375,397,473,517,오케이
399,388,396,473,516,오케이
364,351,391,473,518,오케이
411,384,390,473,516,오케이
398,389,390,472,516,오케이
410,389,391,472,516,오케이
395,380,391,472,516,오케이
410,371,391,472,517,오케이
448,339,385,467,517,오케이
400,366,383,466,516,오케이
378,362,385,467,516,오케이
404,330,381,467,515,오케이
406,367,382,466,516,오케이
392,384,378,464,514,오케이
325,335,358,465,515,오케이
374,316,363,466,515,오케이
354,351,396,486,530,오케이
370,338,396,481,531,오케이
365,352,387,479,530,오케이
337,349,376,474,525,오케이
343,330,373,473,524,오케이
353,340,374,474,523,오케이
349,345,374,474,526,오케이
334,363,375,474,526,오케이
364,369,359,487,532,오케이
401,363,367,479,532,오케이
384,354,362,458,532,오케이
371,337,351,470,530,오케이
403,366,352,460,529,오케이
404,349,357,447,531,오케이
374,359,353,465,531,오케이
343,347,356,473,528,오케이
378,374,360,469,523,오케이
356,386,358,470,521,오케이
358,355,361,470,521,오케이
361,368,360,471,519,오케이
369,360,360,471,515,오케이
365,349,359,469,514,오케이
368,380,357,470,515,오케이
352,355,364,478,526,오케이
379,327,291,415,474,약속
379,328,291,414,474,약속
383,325,283,396,478,약속
387,324,282,390,497,약속
387,327,287,397,492,약속
393,327,289,398,478,약속
391,327,262,409,500,약속
393,325,271,424,510,약속
399,332,286,429,503,약속
397,331,290,416,496,약속
399,330,298,411,496,약속
393,328,286,400,490,약속
396,328,290,405,484,약속
396,326,296,410,489,약속
396,326,294,410,486,약속
394,328,291,410,487,약속
395,329,295,409,487,약속
395,328,293,411,485,약속
397,329,293,407,493,약속
397,330,292,411,485,약속
398,332,293,409,481,약속
397,326,293,409,485,약속
393,328,290,403,487,약속
394,329,290,390,488,약속
396,330,292,412,480,약속
395,329,296,412,482,약속
398,333,295,401,495,약속
400,328,294,397,494,약속
408,325,332,423,495,약속
406,338,295,430,498,약속
406,337,299,400,497,약속
409,337,318,445,499,약속
403,332,314,435,499,약속
397,323,289,404,493,약속
399,328,306,365,497,약속
404,327,300,392,486,약속
393,324,292,419,461,약속
418,328,294,422,468,약속
412,327,295,414,463,약속
412,328,296,420,461,약속
414,328,297,421,454,약속
415,325,285,417,438,약속
414,326,290,419,446,약속
391,322,279,368,443,약속
398,321,278,390,482,약속
401,325,281,370,448,약속
402,325,285,373,450,약속
404,324,282,375,451,약속
401,327,284,378,448,약속
402,326,285,380,444,약속
401,324,287,381,447,약속
403,323,284,381,447,약속
402,325,285,382,447,약속
400,324,284,383,450,약속
402,329,286,383,454,약속
401,324,284,383,451,약속
400,324,283,384,446,약속
398,327,286,390,476,약속
398,324,287,383,465,약속
398,323,287,396,479,약속
397,324,291,389,473,약속
396,324,287,391,465,약속
378,314,288,391,463,약속
381,320,289,393,454,약속
395,324,291,397,457,약속
390,318,288,402,447,약속
380,276,286,400,440,약속
395,293,281,409,440,약속
395,291,266,417,442,약속
396,310,213,412,441,약속
399,314,297,399,476,약속
397,313,285,403,468,약속
396,314,286,402,479,약속
398,315,293,406,469,약속
400,317,283,405,465,약속
402,318,277,407,465,약속
400,316,290,407,466,약속
401,314,299,406,460,약속
399,314,298,407,454,약속
401,317,300,407,449,약속
401,317,300,406,473,약속
399,317,289,406,467,약속
402,318,287,404,465,약속
402,319,286,406,458,약속
400,318,297,407,455,약속
402,317,285,406,453,약속
404,319,293,408,449,약속
408,319,283,408,452,약속
406,320,291,411,440,약속
406,319,288,410,440,약속
407,318,298,410,436,약속
407,320,294,411,436,약속
408,320,296,410,448,약속
411,319,309,412,444,약속
410,321,287,414,447,약속
409,320,284,412,447,약속
410,320,292,414,443,약속
409,321,285,414,448,약속
408,318,294,410,484,약속
360,322,295,411,453,약속
393,324,297,417,454,약속
365,300,260,378,412,약속
397,289,283,372,484,약속
400,284,260,368,437,약속
406,286,257,364,417,약속
393,286,257,355,435,약속
377,304,277,389,441,약속
383,307,273,391,440,약속
391,303,277,392,440,약속
399,289,257,377,406,약속
401,299,273,383,477,약속
382,263,189,307,443,약속
344,267,189,284,419,약속
353,285,241,326,423,약속
359,284,217,310,421,약속
380,311,232,340,456,약속
384,314,281,355,460,약속
384,316,287,360,453,약속
384,316,266,362,458,약속
383,315,274,364,447,약속
384,316,268,365,453,약속
382,317,274,365,463,약속
381,315,270,365,447,약속
382,317,271,368,443,약속
383,316,281,368,442,약속
382,314,273,369,460,약속
378,317,276,372,458,약속
382,316,282,370,456,약속
380,316,290,369,455,약속
379,319,294,371,452,약속
380,314,284,370,455,약속
378,316,271,370,453,약속
378,318,271,370,453,약속
377,315,263,371,453,약속
377,315,279,372,453,약속
378,316,269,374,448,약속
380,317,267,372,454,약속
379,318,275,373,451,약속
377,315,270,372,450,약속
377,316,280,372,449,약속
377,316,277,373,455,약속
379,316,269,372,463,약속
379,316,285,371,461,약속
381,315,271,372,455,약속
379,315,277,370,451,약속
381,318,258,372,451,약속
378,317,270,372,453,약속
381,317,273,372,451,약속
377,315,257,370,446,약속
378,316,280,374,448,약속
378,315,263,373,448,약속
380,318,272,373,461,약속
383,317,280,374,457,약속
384,317,293,372,452,약속
385,319,269,372,457,약속
385,320,287,370,456,약속
384,318,276,374,452,약속
386,319,279,373,450,약속
384,320,288,373,451,약속
385,318,296,372,448,약속
384,319,282,372,448,약속
385,319,281,372,448,약속
385,317,246,369,447,약속
384,317,271,374,476,약속
386,318,261,373,481,약속
384,317,272,379,493,약속
384,315,284,383,493,약속
385,319,287,383,488,약속
383,321,284,382,468,약속